# Created by Octave 4.0.0, Sun Oct 11 16:39:45 2015 RTZ 2 (зима) <unknown@Рома-ПК>
# name: v
# type: matrix
# rows: 10
# columns: 1
 3999
 3299
 3690
 2320
 5399
 2999
 3149
 1989
 2120
 2425


